0 0.551724 0.129802 0.0282132 0.0197905 
0 0.208464 0.808498 0.015674 0.0151339 
0 0.693574 0.0925495 0.0141066 0.0128056 
0 0.617555 0.129802 0.0282132 0.0221187 
0 0.760188 0.168219 0.015674 0.0174622 
0 0.416928 0.12922 0.0282132 0.0186263 
0 0.266458 0.251455 0.0815047 0.0209546 
0 0.238245 0.30326 0.0282132 0.0197905 
0 0.502351 0.681024 0.0297806 0.0186263 
0 0.814263 0.169383 0.0172414 0.0174622 
0 0.281348 0.129802 0.158307 0.0197905 
0 0.293887 0.303842 0.0266458 0.0209546 
0 0.753918 0.881839 0.0250784 0.0174622 
0 0.481191 0.183935 0.0250784 0.0721769 
0 0.550157 0.0931315 0.015674 0.016298 
0 0.268809 0.0931315 0.101881 0.0186263 
0 0.579937 0.277066 0.137931 0.0209546 
0 0.24373 0.331199 0.0705329 0.0197905 
0 0.651254 0.426659 0.0203762 0.0174622 
0 0.486677 0.0931315 0.0736677 0.0186263 
0 0.65047 0.477299 0.0219436 0.0186263 
0 0.384796 0.0937136 0.117555 0.0197905 
0 0.65047 0.452852 0.0219436 0.0186263 
0 0.162226 0.0931315 0.101881 0.0186263 
0 0.583072 0.477299 0.0219436 0.0186263 
0 0.583072 0.452852 0.0219436 0.0186263 
0 0.65047 0.50291 0.0219436 0.0186263 
0 0.583072 0.426659 0.0219436 0.0197905 
0 0.82837 0.378929 0.0297806 0.0197905 
0 0.799373 0.881839 0.0595611 0.0197905 
0 0.896552 0.378929 0.0282132 0.0197905 
0 0.583072 0.50291 0.0219436 0.0186263 
0 0.426332 0.908615 0.141066 0.0197905 
0 0.623824 0.0937136 0.122257 0.0197905 
0 0.0172414 0.196158 0.0250784 0.0430733 
0 0.12931 0.331781 0.0642633 0.0209546 
0 0.0830721 0.116997 0.112853 0.0197905 
0 0.0564263 0.0931315 0.100313 0.0186263 
0 0.407524 0.681024 0.163009 0.0209546 
0 0.0289969 0.908615 0.0485893 0.0197905 
0 0.0525078 0.330617 0.0799373 0.0209546 
0 0.583856 0.681024 0.105016 0.0209546 
0 0.351881 0.331781 0.139498 0.0209546 
0 0.815831 0.808498 0.0705329 0.0197905 
0 0.93652 0.423749 0.0673981 0.0209546 
0 0.939655 0.298021 0.0266458 0.0186263 
0 0.687304 0.368452 0.0266458 0.0197905 
0 0.5 0.0221187 0.0438871 0.032596 
0 0.500784 0.835856 0.211599 0.0209546 
0 0.0274295 0.302678 0.0454545 0.0209546 
0 0.170063 0.378929 0.0454545 0.0221187 
0 0.726489 0.807916 0.101881 0.0209546 
0 0.811128 0.423749 0.155172 0.0232829 
0 0.607367 0.358556 0.0360502 0.0186263 
0 0.236677 0.378929 0.0846395 0.0221187 
0 0.818965 0.653085 0.0642633 0.0209546 
0 0.808777 0.859139 0.137931 0.0209546 
0 0.0258621 0.93539 0.0454545 0.0197905 
0 0.830721 0.298603 0.0282132 0.0197905 
0 0.0266458 0.250873 0.0438871 0.0221187 
0 0.702978 0.881257 0.0642633 0.0209546 
0 0.522727 0.36787 0.0360502 0.0186263 
0 0.898119 0.653085 0.0846395 0.0209546 
0 0.0266458 0.276484 0.0470219 0.0221187 
0 0.637931 0.808498 0.0626959 0.0221187 
0 0.607367 0.379511 0.0454545 0.0209546 
0 0.583856 0.221187 0.10815 0.0186263 
0 0.468652 0.330617 0.0815047 0.0209546 
0 0.290752 0.681607 0.0611285 0.0221187 
0 0.065047 0.178696 0.0517241 0.0221187 
0 0.305643 0.378929 0.0438871 0.0221187 
0 0.38558 0.0227008 0.0407524 0.0314319 
0 0.147335 0.80908 0.103448 0.0209546 
0 0.60815 0.40163 0.0470219 0.0209546 
0 0.181818 0.908033 0.0407524 0.0186263 
0 0.703762 0.859139 0.0626959 0.0209546 
0 0.568965 0.331199 0.109718 0.0221187 
0 0.610502 0.0227008 0.0423197 0.0314319 
0 0.0979624 0.908033 0.0862069 0.0209546 
0 0.250784 0.218277 0.15674 0.0174622 
0 0.539969 0.808498 0.12069 0.0221187 
0 0.0979624 0.934808 0.0830721 0.0186263 
0 0.403605 0.275902 0.12069 0.0186263 
0 0.16536 0.681024 0.139498 0.0186263 
0 0.0838558 0.142026 0.0736677 0.0209546 
0 0.332288 0.808498 0.0532915 0.0197905 
0 0.0431034 0.808498 0.0768025 0.0197905 
0 0.088558 0.218859 0.101881 0.0209546 
0 0.687304 0.389406 0.0862069 0.0221187 
0 0.202978 0.178696 0.0673981 0.0221187 
0 0.101097 0.979627 0.0893417 0.0197905 
0 0.107367 0.862049 0.105016 0.0197905 
0 0.0548589 0.50291 0.103448 0.0209546 
0 0.0642633 0.452852 0.122257 0.0209546 
0 0.0470219 0.426659 0.0815047 0.0221187 
0 0.584639 0.192084 0.0846395 0.0209546 
0 0.0548589 0.477881 0.103448 0.0221187 
0 0.71395 0.257858 0.0830721 0.0221187 
0 0.71395 0.298603 0.0862069 0.0221187 
0 0.585423 0.167637 0.0862069 0.0209546 
0 0.264107 0.276484 0.0830721 0.0221187 
0 0.522727 0.389988 0.0673981 0.0209546 
